134 5126
145 134
146 134
131 5126
3863 131
147 131
3864 131
148 131
149 131
150 131
3865 131
151 131
152 131
153 131
152 131
154 131
0 5126
155 131
156 131
0 131
157 131
158 131
159 131
160 131
3866 131
161 131
162 131
164 131
163 131
165 131
166 131
167 131
167 131
168 131
169 131
170 131
171 131
173 131
172 131
174 131
3867 131
175 131
176 131
177 131
178 131
178 131
3868 131
179 131
180 131
164 131
3869 131
181 131
3870 131
182 131
183 131
184 131
185 131
186 131
169 131
187 131
3871 131
188 131
189 131
1 5126
1 131
190 131
3872 131
191 131
192 131
3873 131
193 131
194 131
194 131
195 131
196 131
3874 131
197 131
198 131
199 131
200 131
3875 131
3876 131
201 131
3877 131
202 131
202 131
203 131
204 131
205 131
206 131
2062 184
3878 131
196 131
3879 131
207 131
3876 131
207 131
3880 131
3881 131
3882 131
3883 131
208 131
209 131
196 131
132 5126
210 131
211 131
3884 131
212 131
213 131
214 131
212 131
215 131
3885 131
193 131
216 131
218 131
217 131
219 131
220 131
3886 131
220 131
221 131
3887 131
222 131
223 131
3888 132
3889 131
3890 131
224 131
225 131
2 5126
2 131
3 5126
3 131
4 5126
4 131
2063 188
226 131
227 131
228 131
228 131
229 131
2064 188
2065 166
230 131
3891 131
5 5126
231 131
5 131
3892 131
232 132
233 131
234 131
235 132
3893 131
236 0
237 132
3894 131
238 131
239 131
175 131
240 131
2066 166
3895 131
241 131
2067 235
242 131
3896 131
3897 131
243 131
243 131
3898 131
244 131
2068 235
3899 131
245 131
246 131
247 131
248 131
249 132
240 234
3900 131
3901 131
3902 132
3903 131
250 131
251 131
252 131
3904 131
253 131
253 131
254 131
255 131
256 131
257 131
3905 132
3906 131
258 131
259 131
3907 131
258 131
260 132
261 131
261 131
3908 131
3909 131
262 131
2069 213
3910 131
6 5126
6 131
6 131
264 131
263 131
265 131
3911 131
2070 213
3912 131
2071 217
266 132
260 131
2072 213
267 132
268 131
268 131
3913 131
3914 131
269 131
269 131
3915 132
3916 131
271 131
270 131
2073 234
2074 213
3917 131
272 131
2075 166
273 131
273 131
3918 132
3915 131
3918 131
3919 131
2076 263
3920 131
274 131
7 5126
7 131
3921 131
3922 131
275 131
3923 131
276 131
277 131
278 131
279 131
280 131
280 131
2077 166
3924 131
2078 213
281 131
3925 131
282 131
283 131
284 131
8 5126
8 131
2079 166
3926 131
285 131
286 131
287 131
3927 134
3928 131
288 131
289 131
3929 131
290 131
3930 131
291 131
292 131
3931 131
293 131
2080 166
2081 166
2082 217
3932 131
294 131
295 131
296 131
2083 263
297 131
2084 217
298 131
3933 131
299 131
300 131
3934 131
2085 217
301 131
302 131
3906 134
303 131
2086 166
3935 131
304 131
304 131
305 131
306 131
3936 131
9 5126
9 131
9 131
307 131
308 131
308 131
3937 131
309 131
310 131
311 131
313 131
312 131
314 131
315 131
3938 131
316 131
2087 188
317 131
318 131
319 131
2088 217
319 131
320 131
321 131
2089 263
322 131
323 131
324 131
325 131
326 131
3939 131
327 131
328 6
329 131
2090 265
330 131
331 131
2091 263
332 131
333 131
334 131
10 5126
2074 266
2092 209
10 131
335 131
2093 166
2094 240
3940 131
336 131
337 131
338 131
2095 244
2096 263
345 131
3941 131
3942 131
2097 263
3943 131
3944 131
3945 131
2098 263
3946 131
339 131
2099 263
340 134
3947 131
2100 217
2101 166
341 131
3948 131
3949 131
344 263
342 131
343 131
3950 131
327 263
344 131
3951 131
345 131
3952 131
3953 131
3954 131
346 131
347 131
348 131
349 131
350 131
3955 131
3956 131
351 131
351 131
3958 131
3957 131
352 131
3959 131
3960 131
353 131
2102 213
354 131
355 131
133 5126
356 131
357 131
2103 213
3961 131
358 131
2104 166
2104 131
3962 131
6 328
3963 132
3964 131
359 133
360 133
2091 263
3965 131
2105 213
361 131
362 131
3966 133
363 133
364 131
2105 213
3967 131
365 131
366 131
3968 132
3969 131
2106 244
367 7
368 133
3970 131
369 132
3971 131
2107 293
2108 217
370 131
371 131
372 133
3972 132
373 9
3973 131
3974 133
374 131
375 131
376 131
2109 348
3975 131
2105 213
3976 131
377 131
2110 340
3977 131
3978 131
378 133
3979 131
379 131
3980 131
11 5126
11 134
380 131
381 133
382 131
3981 131
3982 131
383 131
3983 131
3984 131
3985 131
2111 222
384 131
2112 378
385 131
386 131
3986 131
3983 134
2112 368
387 131
387 131
388 133
389 132
389 132
393 263
390 131
3987 131
391 131
3988 131
392 131
393 131
3989 131
3990 131
394 131
3991 131
2113 263
3992 131
395 131
395 131
396 131
3993 131
397 131
3994 131
2072 213
3995 132
3996 131
398 131
399 133
398 131
400 133
401 131
402 131
3997 131
402 131
2114 166
3998 131
7 367
403 131
2115 166
2105 213
404 11
405 1
405 131
406 131
407 132
2105 213
408 133
2116 260
409 131
2117 400
2118 263
2105 213
3999 133
4000 131
2119 166
4001 131
4002 131
4003 131
410 131
410 131
12 5126
12 131
411 131
411 131
13 5126
13 131
412 131
412 131
2072 213
4004 131
4005 131
4006 131
413 131
2120 217
2121 217
414 131
415 131
415 131
416 131
4007 131
417 131
418 131
418 131
14 5126
14 133
14 133
419 131
2122 166
4008 131
2102 213
420 131
4009 131
11 404
421 131
4010 131
422 131
423 131
2123 166
424 133
425 133
426 131
4011 131
4012 131
4013 131
427 131
428 133
2124 166
2125 166
429 131
4014 131
4015 131
2126 217
2127 166
4016 131
430 131
431 131
432 131
432 131
433 133
434 131
435 131
436 11
437 133
15 5126
15 131
15 131
4017 131
4018 131
4019 131
4020 131
438 133
439 133
440 131
441 133
442 133
443 12
444 133
437 131
445 133
446 131
2128 166
2105 213
447 4
4021 131
4022 131
448 133
438 131
449 133
2105 213
450 133
451 131
16 5126
16 8
16 131
4023 131
452 133
448 131
4024 131
453 133
444 307
454 12
442 131
4025 131
4026 131
4027 131
1189 185
455 15
456 133
4028 131
2129 217
457 131
445 131
458 133
4029 131
459 131
459 131
460 14
460 133
450 131
461 133
2130 185
4030 131
439 131
478 213
2131 166
456 131
462 133
4031 131
2132 217
2133 217
463 131
464 131
465 131
466 133
467 133
468 131
461 131
469 131
453 131
470 133
457 133
471 131
4032 131
4033 133
4034 131
2134 238
452 131
472 131
2135 383
2136 166
473 131
473 131
474 131
2102 213
4035 131
475 131
2137 166
475 131
476 131
477 133
17 5126
17 131
467 131
478 131
470 131
18 5126
18 131
466 131
479 133
19 5126
19 131
480 133
4036 131
20 5126
20 131
481 18
482 131
483 12
484 133
485 133
4037 131
4038 131
4039 131
486 132
4040 131
488 131
487 133
489 12
4041 131
490 2
491 131
491 131
4042 131
479 131
462 131
4043 131
492 131
2138 217
493 131
485 131
494 133
4044 131
2139 182
4045 133
4046 131
495 131
496 18
497 131
4047 131
4048 131
4049 131
498 18
499 131
476 133
4050 131
487 131
478 213
4051 131
4052 132
500 131
4053 131
501 132
4054 131
4055 131
4056 131
502 18
21 5126
21 131
480 131
2140 213
4057 131
503 131
503 131
4058 131
4059 131
504 10
11 436
505 132
506 131
507 131
4060 131
4061 131
4062 131
4063 131
508 133
4064 133
4065 131
509 131
509 131
496 502
135 5126
510 131
4066 131
496 17
22 5126
22 131
4067 131
511 135
512 18
2141 285
4068 131
22 19
513 135
514 131
515 131
4069 131
516 18
517 132
4070 131
4071 131
518 18
519 132
2142 217
4072 131
23 5126
23 131
24 5126
516 502
24 131
4073 131
4074 131
2143 217
2144 217
4075 131
2145 185
520 131
521 12
522 131
2146 244
4076 131
523 133
524 131
525 131
4077 131
528 131
526 18
2147 217
527 18
2148 217
528 131
529 132
530 131
4078 131
531 132
4079 131
532 131
2149 217
533 131
534 131
535 131
25 5126
25 131
536 131
1 405
4080 131
4081 131
537 131
4082 131
2150 217
2151 217
538 131
539 131
2072 213
4083 131
2152 182
508 133
4084 131
2153 217
540 131
2154 166
26 5126
26 131
26 131
523 131
2155 217
4085 131
541 131
2156 307
27 5126
27 131
27 131
2157 525
542 131
4086 131
543 131
2158 166
544 131
545 131
4087 134
509 133
509 133
546 131
547 131
4088 131
2105 213
548 131
4089 133
2159 217
549 131
2149 217
4090 131
4091 131
2160 209
2161 166
2162 217
550 131
4092 131
2163 217
551 131
552 131
553 131
554 131
554 131
556 131
2164 166
555 131
4093 131
557 131
2165 217
558 131
2166 166
2167 217
559 131
2168 540
4094 131
560 131
2169 166
2166 166
4095 131
4096 131
4097 131
561 131
2170 166
4098 131
4099 131
2171 209
562 131
2172 217
4100 131
2173 511
563 131
2161 166
564 131
2174 217
4101 131
2175 166
565 131
4102 131
566 131
2176 498
566 131
567 131
2177 166
568 131
2105 213
4103 131
569 131
570 131
4104 131
571 131
4105 131
572 131
2178 260
573 131
2179 217
4106 131
574 131
575 18
2180 567
2181 166
4107 131
2182 307
4108 132
4109 131
2183 217
4110 131
4111 131
4112 131
576 131
2184 182
2185 217
2186 217
581 166
2187 217
2188 166
2189 217
2190 166
4113 133
4114 131
579 131
577 131
578 132
2191 166
4115 131
2192 217
2193 166
4116 131
2194 217
2195 217
2186 217
28 5126
28 131
2196 166
580 131
581 131
582 131
582 131
2197 217
4117 131
583 131
4118 131
2198 217
584 131
2199 217
585 131
586 131
587 131
588 131
2200 166
589 131
2201 307
4119 131
4120 131
4121 131
2202 166
2203 217
589 131
1189 185
4122 131
2204 307
2205 166
590 131
2019 166
2206 213
591 131
591 131
4123 131
4124 131
592 131
2207 166
2208 166
592 131
4125 131
610 285
4126 131
593 132
593 132
594 131
2209 217
595 131
2210 166
2211 217
596 131
2212 266
596 131
4128 131
4127 131
4129 132
1189 185
2213 217
2214 486
597 132
599 131
598 131
2215 166
2216 217
2217 166
2218 266
600 131
2219 166
2220 217
601 132
4130 131
602 131
603 131
4131 131
604 131
605 131
2216 166
4132 131
606 131
4133 131
607 131
2222 502
2221 594
29 5126
29 131
4134 131
2436 131
4135 131
4137 131
4136 132
2223 166
4138 131
2195 166
629 131
608 131
2224 166
609 131
4139 131
2225 217
2226 217
4140 131
2227 217
2228 540
4141 131
610 131
611 131
610 131
4142 131
612 131
2229 166
613 131
2230 307
30 5126
2231 217
30 131
4143 131
614 135
2225 217
615 131
616 132
2232 217
617 131
2233 209
2199 240
618 131
618 131
31 5126
31 131
31 131
2234 329
2161 166
620 131
619 131
2235 166
2236 260
2237 166
621 131
2238 166
622 131
623 131
624 131
2225 217
2239 263
2227 217
4144 131
2240 166
2133 217
2241 557
625 131
2242 540
4145 131
2243 182
626 131
32 5126
627 29
628 131
629 131
32 166
32 131
4146 131
630 22
631 131
2244 217
631 131
632 132
2245 166
633 131
4147 131
2246 209
2226 217
634 131
2133 217
2072 213
2133 217
2247 166
635 131
2248 329
2215 185
2249 166
636 133
637 131
638 131
639 131
2250 217
2161 166
4148 131
4149 131
4150 131
2251 518
2248 329
2252 502
2239 465
4151 132
640 131
640 131
2133 217
2253 166
4152 131
2254 260
641 131
2255 166
641 131
642 131
642 131
643 131
2256 166
2257 166
631 131
2258 217
22 630
2259 166
2260 182
644 131
4153 131
4154 131
645 131
4155 131
647 131
2261 217
646 131
647 131
648 131
649 131
2262 329
2263 209
2264 166
649 131
2133 217
2161 166
650 131
650 131
2248 217
4156 131
2265 166
2226 217
4157 131
2266 217
4158 131
4159 131
4160 131
651 131
2267 340
652 131
4161 131
653 132
2268 166
654 131
654 131
2189 209
655 131
2269 182
2270 263
33 5126
33 131
33 131
656 131
657 131
136 5126
658 131
4162 131
659 131
2271 217
659 131
660 29
4163 131
2272 217
2273 166
661 131
2274 166
4164 131
662 131
663 131
4165 134
664 25
4166 131
4167 131
2248 260
665 131
2105 213
4168 131
665 131
4169 131
4170 133
666 131
667 131
4171 131
4172 131
668 131
669 131
2275 166
2276 260
670 131
2268 285
4173 131
2277 209
2179 217
34 5126
34 131
671 131
667 131
672 131
2278 166
2279 217
4174 131
2280 166
4175 131
2281 217
2282 166
35 5126
2283 540
35 131
2284 329
2285 166
2286 540
4176 131
673 131
2287 217
4177 131
2288 260
4178 131
4179 133
674 131
2289 329
4180 131
675 131
676 131
675 131
677 131
2290 340
2211 217
678 131
2291 329
2275 166
2292 217
2293 217
679 131
2294 217
2295 217
2296 166
2297 166
680 131
4181 131
681 132
2298 650
4182 131
2154 530
2287 329
682 131
683 131
2299 182
2300 166
684 131
684 131
685 131
686 131
2301 285
687 131
2302 166
688 131
2303 217
2304 329
689 131
2305 329
4183 131
690 131
4184 131
4185 131
691 131
2306 209
693 131
692 131
694 134
4186 131
2307 217
2308 217
695 131
2287 329
696 131
2309 329
697 35
698 131
699 131
698 131
2311 166
2310 217
2312 166
2313 209
4187 131
4188 131
700 131
2314 217
4154 134
36 5126
36 131
137 5126
2315 611
2248 329
4189 131
4190 131
4191 131
4192 131
37 5126
37 131
701 131
2316 217
4193 131
4194 131
4195 131
702 131
2019 166
4196 131
2317 340
703 131
703 131
704 131
706 131
2289 329
705 131
2318 217
2319 540
4197 132
2320 166
707 131
708 131
709 131
2211 217
2284 329
4198 131
710 131
711 131
712 131
2072 213
4199 131
713 137
2321 166
714 131
2322 217
2323 673
4200 131
714 131
2324 217
715 131
2325 217
2326 217
4201 131
716 131
717 131
718 132
719 131
2287 329
2327 502
720 131
2213 217
4202 131
721 131
2289 329
4203 131
38 5126
722 131
38 131
4204 131
2328 166
743 166
2329 217
2330 613
4205 131
2331 209
2332 166
4206 131
761 217
2333 217
723 131
4207 131
724 131
725 131
726 131
2334 166
727 131
728 24
729 134
2335 217
4208 131
4209 136
4210 134
2336 209
730 131
731 131
2324 329
2337 166
732 131
733 131
4211 131
734 131
2338 217
2205 166
2339 307
735 131
735 131
2272 217
2340 217
4212 131
2341 217
2342 586
2205 166
2343 217
4213 131
736 131
2344 166
737 131
2345 166
2346 329
738 131
4214 131
2347 217
478 213
2133 217
739 131
2348 329
740 131
2349 182
2350 244
2351 166
2352 486
2353 166
741 131
742 131
753 166
2354 166
4215 131
743 131
4217 131
2355 166
4216 131
4218 132
4219 131
744 131
745 131
746 131
2324 131
2211 217
2339 244
4220 131
4148 134
747 131
2356 329
725 133
2357 329
2358 486
748 131
749 131
2259 166
750 131
4221 131
2324 217
2359 540
751 131
752 131
753 131
754 131
39 5126
39 131
39 131
4222 134
2309 329
2361 329
2360 329
2362 217
2363 329
4223 131
2287 329
755 131
2364 329
4224 131
4225 131
756 131
757 133
758 131
759 131
760 132
4226 131
4227 131
761 131
4220 131
762 131
762 131
2365 166
4228 131
2366 182
763 131
763 131
4229 137
764 131
2367 217
2343 217
765 131
766 131
2368 166
2369 540
2370 166
4230 131
2371 329
826 217
2372 182
2373 217
4231 131
2374 217
767 131
768 131
769 131
2375 217
770 131
2376 753
4232 131
771 137
772 131
2377 329
4233 131
773 131
774 131
4234 131
775 131
776 131
2378 285
4235 131
4236 131
4237 131
2379 329
4238 131
777 131
778 131
778 131
779 131
780 131
781 131
782 131
2380 329
4239 131
2381 285
2371 340
4240 131
4241 137
2343 217
4241 137
783 131
784 131
4241 137
4241 137
4241 137
2382 217
4242 131
4241 137
785 131
4243 131
4241 137
2383 217
2384 217
2385 244
4244 131
786 131
2386 329
2387 166
787 131
788 137
2388 260
2389 166
4245 131
2390 329
789 131
790 131
2391 166
2392 217
791 131
4246 131
792 131
4247 131
793 131
2393 329
4248 131
794 131
2394 329
795 131
795 131
4249 131
2371 329
796 131
2395 217
4250 131
2396 217
2397 166
2398 166
4251 131
797 131
797 131
2399 166
4252 131
798 131
4253 131
2400 217
2343 217
4254 131
799 12
2401 217
2402 217
137 771
800 131
2403 182
4255 134
2404 266
137 788
801 131
2405 217
4256 131
4257 131
2406 217
802 39
4258 131
2407 166
803 30
137 713
4259 131
4260 131
804 131
2408 217
2402 329
4261 131
2409 329
805 131
805 131
806 131
4262 131
4263 131
2410 166
807 131
808 131
4264 131
809 132
810 131
4249 131
811 131
2411 217
2412 217
2413 166
2414 260
2415 166
812 132
813 131
4265 131
813 131
4266 131
2416 329
2417 166
814 131
2418 166
4267 131
815 20
831 217
4268 131
816 131
2419 166
2420 307
4269 131
817 131
818 131
2421 166
819 135
4270 131
2422 217
820 132
2423 329
820 132
821 131
822 131
822 131
4271 131
4272 131
2424 166
4273 131
823 131
4274 131
824 131
2425 217
2415 166
2426 307
2427 166
2428 166
4275 131
2429 260
2272 217
4276 134
2430 217
2431 217
2410 166
825 131
825 131
4277 131
4278 131
2161 166
826 131
1189 185
2432 217
2433 166
827 131
828 131
829 131
828 131
830 131
4279 131
2434 209
2435 329
2436 213
4280 131
831 131
2437 166
832 131
2439 217
833 131
2438 217
834 39
4281 131
2440 217
4282 131
4283 131
2105 213
835 131
4284 131
4285 131
2441 209
836 131
837 131
2442 329
2443 166
4286 131
2444 266
838 131
40 5126
4287 131
40 131
2445 166
4288 131
2446 166
4289 131
41 5126
41 131
41 131
2447 217
839 131
2448 166
2449 182
42 5126
840 131
42 131
2450 217
4290 131
2440 244
2451 217
2452 166
4291 131
2453 166
841 131
4292 131
4293 131
842 131
4294 131
4295 133
2454 182
843 131
2455 217
4296 131
2456 166
2457 217
2458 329
2459 166
4297 131
2272 217
844 131
844 131
2460 166
2455 217
43 5126
43 131
2461 166
845 131
846 131
44 5126
44 131
2464 217
2462 166
2463 217
2465 166
847 131
847 131
848 131
848 131
4298 131
849 131
2466 329
2467 307
2394 329
4299 131
850 32
2468 166
2447 329
2469 217
2470 266
2471 540
4300 132
4301 131
4302 131
2472 217
45 5126
851 131
45 131
852 132
2272 217
4303 131
4304 131
4305 131
2473 182
853 131
854 131
46 5126
46 131
2161 166
46 131
855 42
856 131
4306 131
2474 166
2475 166
2476 260
857 132
858 131
859 21
2477 217
4307 131
860 131
2478 217
4308 131
2479 166
4309 131
861 131
47 5126
47 131
47 131
4310 131
2480 217
862 131
2481 166
4311 131
863 131
864 131
864 131
4312 131
865 131
866 131
4313 131
2482 166
867 131
868 131
869 131
870 131
2272 329
871 131
2483 260
2484 329
872 131
4314 131
870 131
873 131
2485 244
874 131
875 131
889 217
2486 185
876 131
2487 217
2488 209
877 132
2460 166
899 217
878 41
879 47
879 131
880 134
881 131
2489 166
882 131
883 132
2490 540
2211 217
2491 166
2492 217
2493 166
4315 131
870 131
870 131
884 131
4316 131
2436 213
2494 540
885 131
887 131
886 131
886 131
2495 540
2496 166
888 131
889 131
890 131
890 131
2497 217
891 29
48 5126
2498 266
48 131
892 131
2499 217
49 5126
49 131
893 131
894 131
2500 166
895 131
889 217
2501 502
4317 131
2502 166
2503 166
896 131
897 40
898 35
50 5126
50 131
2504 166
899 131
893 307
4318 131
51 5126
51 131
900 131
901 131
902 131
1 405
889 345
2505 166
4319 131
903 131
904 131
905 131
906 131
907 47
2152 486
908 48
2506 260
2472 217
909 131
910 51
2507 166
911 45
2508 329
2436 213
2509 217
51 910
2510 540
4320 131
2511 285
4321 131
2512 166
912 131
4322 131
926 217
2513 182
913 46
47 879
2514 217
2515 307
4323 131
914 131
915 131
4324 131
2516 329
916 40
4325 131
917 34
918 131
919 18
2517 217
920 131
920 131
4326 131
921 131
939 540
2518 217
4327 131
923 131
2519 166
922 131
924 131
2520 217
925 131
925 131
4328 131
926 131
927 131
4329 131
928 131
2521 166
929 131
930 131
4330 131
4331 131
931 131
932 131
933 131
2522 217
2523 217
2524 217
4332 131
52 5126
52 131
52 131
2525 926
4333 131
4334 131
2526 217
2527 307
2518 217
4335 131
2528 285
934 131
4336 131
935 131
2529 217
2524 182
936 131
937 131
2530 217
2531 217
938 131
939 131
53 5126
53 131
940 44
2532 244
941 131
2533 217
942 131
2534 285
938 166
2524 209
2518 329
4337 131
54 5126
54 134
2535 166
2536 209
2537 217
55 5126
55 131
2531 217
943 131
4338 131
2508 329
944 131
945 131
946 131
2538 937
4339 131
935 131
947 131
943 131
2539 217
2540 502
948 131
2541 603
938 307
2542 182
2543 217
4340 131
2544 166
2537 217
2545 209
2546 217
949 131
950 131
4341 131
2518 166
4342 131
4343 131
951 131
952 131
2547 307
4344 131
953 31
954 131
2548 329
138 5126
2549 217
2550 166
955 131
2551 166
2552 217
956 131
4345 131
2553 486
959 132
46 913
957 138
958 131
957 138
2554 166
2555 329
960 131
4346 131
2556 217
961 131
4258 132
2557 787
4347 131
4348 131
2558 166
2559 166
2560 182
4349 138
962 131
2561 166
2234 329
2562 182
963 131
964 132
965 131
2563 182
2564 329
966 131
2565 217
955 329
2566 166
4350 131
2567 329
2568 307
2569 217
959 131
307 540
967 131
2570 540
4351 131
2571 217
2572 182
4352 131
2573 166
4353 131
968 131
4354 131
4355 131
4356 131
2569 217
2574 166
4357 131
56 5126
2575 166
2576 166
56 131
4358 131
57 5126
2577 961
57 132
2303 217
969 131
2569 217
2565 307
970 131
4359 131
2410 166
971 131
972 131
973 132
2578 217
972 131
2579 329
2580 482
974 131
4360 131
4361 131
4362 131
975 131
976 132
2581 166
4363 131
2582 217
2583 540
2584 209
977 131
2571 166
4364 131
4365 131
978 131
2585 329
2586 166
2581 182
58 5126
58 131
4366 131
4367 131
4368 131
979 131
980 131
4369 131
2587 217
2211 217
4370 131
4371 131
981 131
4372 131
2588 329
2589 715
4373 131
4374 131
982 131
982 131
983 131
984 132
4375 131
217 132
2590 217
4376 131
985 58
2591 217
986 131
2592 182
2593 307
2594 329
2581 260
4377 132
987 131
2595 217
4378 131
2596 260
4379 131
2597 540
31 953
2598 986
4380 131
988 131
989 131
2599 540
2600 217
990 131
991 131
2601 285
4381 131
992 131
992 131
59 5126
59 131
993 131
4382 131
4383 131
2211 217
981 329
60 5126
60 131
994 131
4384 131
2602 182
993 131
2508 329
61 5126
61 131
61 131
4385 132
955 329
2603 540
4386 131
4387 131
2604 329
995 131
4388 131
4389 131
4390 131
996 131
997 131
4391 131
4392 131
998 131
2605 285
2606 166
2607 217
1000 131
999 131
1001 131
1002 131
1002 131
1003 60
2608 217
2154 530
2609 217
2522 266
2610 166
1004 131
1004 131
1005 132
2611 166
2612 329
2613 217
2590 209
2614 329
1006 35
2615 182
1007 131
2361 329
4393 131
4394 131
4395 131
2616 166
4396 131
2617 340
1008 132
4385 131
2618 217
1009 131
1010 55
2619 266
4397 131
1011 131
60 1003
2620 217
1012 132
2621 209
1010 55
2622 970
2623 217
2624 166
2625 209
2626 166
1013 131
2627 166
4398 131
2628 260
4399 131
2637 134
4400 131
1014 131
4401 131
1015 131
1016 131
1016 131
1017 131
1018 131
2629 266
62 5126
62 131
1019 131
2630 166
2631 307
2632 260
2633 217
2634 217
2635 652
1020 131
1021 132
4402 131
1015 132
4403 131
1022 132
1023 132
2636 497
4404 131
1024 131
2637 694
1025 131
1025 131
4405 131
2638 329
4406 131
4407 131
1026 131
2639 213
9 373
1027 131
1028 131
1029 131
2640 166
1029 131
2590 260
1030 131
1031 131
63 5126
1032 131
2642 166
2450 217
63 131
1032 131
1033 131
2641 918
2643 182
4408 131
2644 486
2646 260
2645 654
2645 131
2621 340
1034 131
2647 182
4409 131
2648 266
32 850
2649 182
1035 132
4410 131
4411 131
4412 131
2650 217
2593 307
1036 131
1037 131
2651 307
2652 852
64 5126
64 131
1038 131
4413 131
2653 790
2654 166
2624 166
2414 260
2154 530
1039 131
2655 329
65 5126
1040 131
1041 56
65 131
1042 131
1035 131
2656 973
1043 131
1044 54
66 5126
66 131
893 307
1045 132
2657 166
1046 133
2658 217
2621 340
4414 131
4415 131
2659 217
1047 131
1048 131
2660 907
2661 540
4416 131
2662 217
1049 46
1050 131
1050 131
1051 131
1051 131
4417 131
1052 131
1052 131
2663 217
1053 131
4418 131
1054 131
2616 166
1054 131
1055 131
4419 131
1056 131
4420 131
4421 131
2664 166
2665 285
1057 131
4422 131
2666 166
2667 217
1058 131
4423 131
4424 131
4425 131
1059 131
1059 131
4426 131
944 658
21 859
4427 131
1060 131
1060 131
1061 131
1062 132
137 713
2639 213
54 1044
1063 132
2616 166
4428 131
2655 209
2668 300
4429 131
44 940
20 815
2669 285
2670 260
1064 131
1064 131
2671 182
4430 131
4431 131
1065 131
2672 217
1066 65
2673 166
2674 502
4432 131
67 5126
67 131
4433 131
4434 132
68 5126
1067 58
68 131
2675 182
2672 131
1068 131
2616 166
2676 852
1069 30
2677 307
1070 40
1071 131
1072 131
2678 166
2679 217
2680 182
1073 68
1074 131
2681 166
1075 131
1076 131
2682 166
69 5126
69 131
2683 1048
2684 307
1077 131
1078 131
1077 131
70 5126
2685 182
70 131
4435 131
4436 131
1079 131
2154 166
2686 540
1080 131
2687 260
2688 852
1080 131
4437 131
2674 518
2689 217
2690 166
2691 217
2692 613
2693 285
1081 131
2694 260
2684 307
2695 329
1082 55
1082 131
2679 307
2677 540
4438 131
2696 217
2690 166
2697 217
4439 131
2698 486
1083 131
2700 185
2699 166
1082 55
2701 816
2702 851
1084 132
2703 1081
2704 540
2705 217
4440 131
4033 131
2706 217
2707 329
4441 131
4442 131
1088 131
1085 131
1085 131
2414 260
4443 131
1086 2
4444 131
2708 182
1 405
1087 131
4445 131
4446 131
4447 131
2709 166
4448 132
1088 55
4449 131
2710 217
1088 55
2711 217
1089 64
2712 307
2687 260
1090 131
1091 131
4450 131
1092 131
1093 135
4451 131
2713 540
2714 852
2715 166
2716 244
4452 131
2717 217
4426 132
4453 131
2718 217
2719 260
4435 132
2697 217
2720 217
2721 217
1189 185
4454 131
1094 131
2722 260
4455 132
4456 131
1095 131
1096 131
2723 852
1097 131
2724 182
709 132
4457 131
1098 137
2725 166
4458 131
1099 131
1099 131
1094 131
2726 540
2727 217
1100 46
2728 260
1101 131
4459 131
1102 67
1103 131
2729 217
4460 131
71 5126
71 131
2730 852
4461 131
2731 217
2183 1089
1104 132
4462 131
2732 852
2733 329
1105 131
1105 131
4463 134
1106 131
2734 486
1107 47
4464 131
1108 46
2735 852
2736 266
2737 205
2738 329
1109 131
1109 131
2739 217
4465 131
1110 131
137 1098
4 447
2740 852
4466 131
2298 217
1111 131
2741 166
2742 329
2743 217
4467 131
4468 131
4469 131
4470 131
4435 134
1112 131
1113 131
2744 852
4471 131
2745 209
2746 166
4472 131
2138 217
4473 132
2747 260
1134 132
4474 131
4475 131
2748 540
2749 260
1114 131
1115 131
1116 131
2750 166
1117 131
4476 131
2751 217
2752 540
1118 131
1119 132
1120 131
2133 217
1120 131
2753 182
1121 131
2754 166
4477 131
2755 540
72 5126
72 132
2756 1117
4478 131
1122 131
1137 497
1122 131
4479 131
2757 217
4480 131
4481 131
4482 131
4483 131
1123 131
2227 502
2759 217
2758 1008
2760 329
2761 244
2762 267
4484 132
4485 131
1124 131
1125 131
4486 131
1125 131
1126 131
1126 131
1127 131
2743 217
41 878
1128 132
3425 131
2759 217
4487 131
1129 131
2763 217
1130 131
1130 131
2764 307
1131 131
1131 131
4488 131
2186 217
2765 540
2766 182
2767 329
2768 260
2769 217
4489 131
2770 329
4490 131
4491 131
4492 131
1132 131
2771 166
4493 131
2759 217
2772 166
1133 132
2773 217
2774 217
1134 131
2775 166
2776 166
2105 213
1135 131
2777 260
2778 166
1136 131
1115 131
2779 166
4494 131
2780 1107
2781 1023
2782 166
2161 166
2783 217
2784 329
2785 329
2786 852
4495 131
2787 329
2788 166
2789 217
2790 217
2153 217
2791 852
1137 131
1135 182
2792 260
2793 166
2794 166
2782 131
1138 131
4496 131
1139 131
1140 131
4497 131
4498 134
1141 131
4499 131
2795 166
1142 131
1143 26
1144 131
1143 131
1144 131
1142 131
4499 132
4500 131
2227 263
2796 852
4501 131
4502 131
1145 131
2783 217
1146 131
4503 131
2797 182
1134 131
2798 285
1147 132
73 5126
73 131
73 131
1148 131
2799 209
2800 852
2801 329
2206 213
4504 131
2153 217
1149 131
2802 329
1150 131
2803 166
4505 132
2804 217
2805 547
2806 217
4506 131
1151 131
1151 131
2747 260
2807 166
2808 329
1152 131
2809 307
2810 217
4507 131
2811 540
2812 166
2813 217
2800 852
2814 166
4508 131
2815 217
4509 131
1153 55
2816 706
2817 852
1153 55
1153 131
1154 131
2803 205
74 5126
74 131
4510 131
2639 213
2818 1023
2819 217
1155 131
2814 209
2820 1008
2821 244
4511 132
1156 131
2822 1008
2823 166
2824 852
1157 131
2825 217
4512 131
2826 329
2827 166
4513 131
2153 217
1158 131
1159 131
2828 329
2740 852
2829 217
4514 131
1160 131
2830 182
2819 217
2831 540
4515 131
2832 329
1138 486
2697 217
4516 131
2833 217
2359 540
4509 131
4517 131
4518 131
2833 217
2834 217
2835 166
2836 217
2226 244
2837 329
2838 217
2833 217
4519 131
4520 131
2839 329
2840 307
1161 131
4521 131
2841 329
2842 329
889 217
1162 131
2843 166
2844 307
2845 217
4522 131
2846 166
1157 718
1163 131
1164 37
2846 166
2847 852
4523 131
1165 132
1166 132
1167 131
2848 166
4524 131
75 5126
75 131
2849 217
2133 217
1168 131
1169 131
2850 329
2851 166
2852 166
2852 131
4525 131
478 213
2853 166
2854 166
2846 540
889 217
2855 217
2856 217
4526 131
2738 185
4527 131
2856 217
1171 131
2857 329
1170 55
2856 217
1170 55
1172 131
76 5126
76 131
2074 213
2858 307
4528 133
1165 131
2859 285
4156 132
1170 131
2860 465
4529 131
2861 217
2074 213
1173 132
2838 217
2862 166
2863 182
889 217
2864 166
2865 217
2866 267
4530 131
2837 267
2867 329
4531 131
1174 131
1175 131
2868 182
1176 133
1177 76
1178 131
1179 131
2869 285
4532 131
2837 266
1180 131
2074 266
1181 131
2870 217
1182 132
893 307
1183 131
77 5126
77 131
2871 661
77 131
2872 540
2873 217
2837 217
2874 166
2875 166
2876 852
4533 131
1184 132
2877 1107
658 944
4534 131
1185 54
2153 217
2878 166
2133 217
2879 166
889 217
2880 166
4535 131
1186 55
2612 329
2881 329
2791 852
1186 55
2882 166
2883 166
4536 131
1187 131
2884 329
2885 260
2861 329
2886 166
1188 131
1189 185
2887 166
2888 329
2735 852
2889 300
4537 131
2889 300
2861 329
1189 131
2890 166
4538 131
2891 166
2892 955
2476 260
1190 131
2893 166
2894 329
4539 134
2895 166
2896 329
4540 131
4541 131
2860 345
1191 131
1191 131
1192 131
1193 55
139 5126
4542 131
889 217
2897 852
1194 132
1195 131
1196 131
1197 131
1201 182
4543 131
76 1177
2738 260
1198 132
4544 135
1193 55
1199 131
1199 131
1200 131
4545 131
2593 307
1201 132
1202 131
1203 131
2898 166
4546 139
2899 904
2857 329
2900 166
4547 131
1038 131
2890 285
1204 131
2901 329
1205 131
2902 166
2206 213
2740 852
1206 131
2593 307
2903 182
78 5126
78 166
78 131
1207 131
1208 132
2904 260
1209 139
2905 285
2906 1008
4548 131
2907 217
2031 217
1210 131
1193 131
1211 131
2908 217
1212 131
1213 131
2909 852
1214 139
4549 131
4550 132
78 244
2910 1132
1215 132
2911 166
1216 131
4551 132
4552 139
4553 131
2912 217
1213 131
1217 131
1218 131
1124 131
4554 131
2817 217
2902 166
1217 131
1219 132
1220 131
4555 131
2913 486
2914 217
1221 131
2915 217
1222 70
2916 166
2917 213
2918 166
4556 131
4557 131
2919 217
4558 131
4559 131
2920 307
2836 260
2921 267
4560 131
2031 217
1030 132
2922 217
2923 217
2861 260
2924 260
2925 852
2926 166
4562 131
4561 139
1223 132
4563 131
2298 217
1223 57
2927 217
1224 131
2913 1219
2928 166
2929 540
2930 266
4564 131
2931 955
2932 286
1225 131
2933 244
1225 131
2934 166
4565 131
4566 131
4567 131
4568 131
2913 959
2907 244
2935 166
1226 131
4569 131
1227 131
1227 131
4570 131
1228 132
1229 131
1230 131
4571 131
2684 307
1228 131
4572 131
2836 260
2936 217
1231 131
4573 131
79 5126
79 132
4011 133
1232 131
1233 131
155 300
80 5126
2937 217
2938 329
80 131
4574 131
1234 131
4575 131
478 213
1235 131
1236 131
2939 166
1237 131
2940 217
1238 131
2935 131
4576 131
4577 139
1239 132
1240 35
2908 185
2941 131
1241 39
4578 131
1240 35
1242 139
1242 139
1243 131
2937 217
2942 217
4579 132
2941 166
2943 540
2944 217
4580 131
1244 46
2945 166
1245 131
2808 329
2946 540
2947 166
2948 540
2949 307
2857 329
4581 131
1246 131
2950 166
2951 182
2952 182
1247 131
2953 260
2923 217
2954 976
2955 166
1248 131
1249 78
2956 217
1250 131
2937 329
4582 131
1251 131
2957 307
2958 244
1252 131
1253 131
2648 266
4583 131
2922 217
2959 166
1254 139
2960 166
1252 131
2206 213
2961 955
4584 131
2962 166
1255 80
4585 131
4586 131
2932 286
4587 139
4588 131
1256 131
1256 131
2963 1133
2776 166
1257 131
1258 12
2964 217
2982 131
4589 131
1259 131
2965 434
1260 139
1260 139
2966 217
1261 131
4590 131
1261 131
78 1249
2967 852
889 217
2968 260
1262 131
1263 131
81 5126
81 131
2969 217
4591 131
1264 131
478 213
1265 131
2970 1133
4592 131
4593 131
2971 166
1266 131
1267 75
2972 166
2973 182
1268 131
1269 132
4594 131
1270 131
2974 166
1271 131
2975 217
2976 345
2977 182
1272 131
4595 131
1273 131
80 1255
2979 329
4596 131
2978 166
1274 131
2980 976
2936 217
2981 329
4597 139
4598 131
4599 132
1275 131
1276 131
4600 131
2982 244
4601 139
1277 131
1278 131
2983 244
2984 166
4602 136
1279 60
2985 182
4603 131
478 213
82 5126
82 131
1280 132
2986 166
4604 131
83 5126
83 131
1281 74
1282 131
1283 131
2987 166
2988 260
2989 166
1280 132
1284 131
4605 131
4606 131
2990 329
4607 131
2991 166
2986 286
4608 131
2992 166
1285 133
2993 182
2994 260
1285 400
2241 557
4609 131
2995 637
4610 131
4611 131
1286 131
2996 329
78 1249
2997 329
1287 131
2998 217
2999 166
4612 131
3000 217
1288 131
4613 132
1280 132
2994 217
4614 131
3001 182
3002 329
3003 166
3004 166
1289 46
4615 131
3005 217
2997 166
3006 166
1290 131
3007 260
1291 47
1667 955
4616 131
3008 217
2861 486
2892 955
3009 166
1292 131
1293 131
1293 131
4617 131
1294 131
30 1069
3010 182
4618 131
4619 131
3011 852
1295 131
1296 131
4620 131
1297 82
1298 131
1298 131
84 5126
84 131
84 131
1299 131
3012 166
3013 300
3014 955
3015 166
1300 131
1301 131
4621 139
1302 131
4622 131
1303 131
4623 131
3016 166
1280 852
85 5126
85 131
85 131
1304 131
4624 132
3017 329
4624 131
1305 132
2979 329
70 1222
3018 217
2936 217
1306 131
1307 131
3019 329
1308 131
1309 131
1310 131
4625 131
1310 131
3020 1105
2287 329
4626 131
1311 131
56 1041
3021 217
3022 1253
1312 83
4627 131
1313 131
4628 136
1280 267
3023 217
3023 131
1314 131
1315 131
3024 1194
4629 131
1316 18
3025 852
1317 131
1317 131
3026 540
3027 166
3028 540
3029 329
1318 131
1318 131
3030 31
1319 136
1320 131
3021 217
1321 35
1322 131
3031 217
3032 329
3027 166
86 5126
3033 329
86 131
2161 166
4630 131
3034 166
1323 131
1324 131
1325 131
1330 131
4631 131
87 5126
87 43
87 131
3035 182
3036 739
3037 166
3038 540
1326 131
3039 182
1327 131
3040 852
3035 166
3041 1005
3042 285
3043 166
1328 131
1328 131
4632 131
1329 131
2359 465
3044 300
4633 139
1330 84
1330 131
1331 132
2997 131
3045 943
4634 131
4635 131
4636 131
3046 166
3047 1305
3048 182
3049 166
4637 131
3050 166
3051 852
1332 131
4638 131
1333 132
3052 217
3048 307
1334 53
3053 166
1335 131
1335 131
3054 166
1336 131
3055 217
3056 166
3057 209
4639 131
4640 131
1337 16
3058 955
4641 131
3059 217
3060 1313
1338 131
3061 244
3062 307
3063 1194
3064 267
2936 217
4642 131
4643 131
1339 131
1340 139
3065 166
1340 139
3066 852
1341 82
4644 131
4645 131
3067 217
88 5126
3068 217
88 131
3069 217
4646 135
4647 139
1342 132
3060 1313
1343 131
3070 307
3071 217
3072 205
1420 852
3073 166
4648 131
1344 66
1345 52
1345 131
89 5126
89 131
1346 131
3074 166
3075 217
1347 131
1348 131
3076 182
4649 131
3077 1306
3047 182
2936 217
1349 139
90 5126
3078 166
90 131
1350 47
4650 131
3079 852
3080 166
3052 217
3081 260
3082 166
3083 307
1351 131
3084 955
4651 132
1352 132
3085 976
4652 132
3086 182
4653 131
4654 131
3087 1342
2743 217
1353 82
3088 1021
3089 329
1354 131
91 5126
91 131
3090 217
1355 131
3089 329
4655 131
1356 131
1357 131
4656 131
1358 3
4656 132
1359 87
1360 132
3091 852
3092 955
1368 217
4657 131
3093 852
4658 131
1361 131
3094 166
1362 131
3095 260
3096 329
4659 131
3097 217
1363 90
3098 166
4660 131
1364 131
4661 131
4662 131
2508 329
1365 131
2133 217
1366 131
1368 540
4663 131
3099 852
3100 166
3101 1352
4664 131
1367 131
1368 131
1369 132
3102 182
3103 166
3104 1219
2444 486
3105 217
1370 132
3106 217
1362 131
4665 131
3107 166
4364 132
4666 132
3108 182
2133 217
1371 46
3107 540
1372 131
3059 217
1373 131
1374 91
3109 217
4667 131
1375 131
1377 131
1376 131
3110 166
3111 540
3112 620
1378 131
1379 131
4668 131
1038 1021
2327 502
1380 132
1380 132
3113 217
2115 166
4669 131
3114 182
2133 217
3063 329
3115 329
3116 182
1374 131
3117 497
1381 131
4670 131
3118 329
2133 217
3120 217
3119 540
1382 58
1383 131
2115 166
1384 59
1385 131
1386 131
4671 131
3121 182
4672 131
3122 166
1387 35
2298 217
3105 217
2508 329
3123 166
1388 132
3124 852
2936 217
1389 60
1390 12
3125 166
1788 1194
1391 90
1392 131
1393 54
3126 260
3127 329
1408 217
3124 852
4673 131
3128 166
1394 132
1408 217
3100 1105
4674 131
4675 131
4676 131
1395 131
1396 131
3129 166
3130 217
2152 182
1397 131
1397 131
3131 166
1398 131
4677 131
3132 540
889 217
3133 217
3134 217
3135 486
3136 217
2836 260
1399 131
2287 329
1400 131
3135 1201
3137 260
3138 329
3139 307
1401 132
2302 1194
3136 166
3140 267
3058 955
1402 132
92 5126
92 131
3138 329
3140 267
1403 131
4678 131
3141 329
1404 131
4679 131
1404 131
1405 131
1405 131
1406 131
4680 131
3142 267
4681 139
3143 540
1407 131
3144 709
4682 131
1408 131
3145 540
1409 131
4683 131
2783 217
3146 166
1410 131
3127 300
3147 217
4684 131
1411 131
893 307
3148 166
3149 217
1412 131
4685 131
3150 307
1413 131
1413 131
1414 132
3138 329
4686 139
4687 131
3152 217
3151 217
3138 329
3153 182
1408 131
3154 217
3059 329
3155 329
1415 90
4688 131
4689 131
3156 182
93 5126
93 131
3157 217
1416 131
3158 307
94 5126
3159 217
94 131
3160 286
53 1334
3152 307
1417 131
1368 217
1418 93
3121 1201
3161 307
3162 266
1412 307
1419 132
1420 132
4690 139
4691 131
3163 260
3164 329
4692 131
3165 1099
1208 244
3152 205
4693 131
3166 709
3167 307
1422 852
93 1418
3168 217
4694 131
4695 139
4696 131
1421 132
3169 852
2936 217
3170 955
3166 1194
1422 132
3171 329
1423 131
2287 329
3172 260
2936 217
4697 131
2133 217
3173 486
4698 131
4699 132
4700 131
2414 260
1424 132
3174 540
1425 132
4701 131
3175 329
1426 131
3176 329
4702 131
3164 329
3150 307
1427 90
3177 182
1428 131
1429 131
3178 166
3179 976
4703 131
1430 131
4704 131
4705 131
1431 85
1431 131
1432 131
4706 131
2243 182
1433 131
1493 852
1434 131
3180 329
3181 166
1435 131
1436 132
4707 131
4708 131
3182 329
1437 131
1438 131
3183 307
1439 90
3184 166
3185 217
1440 131
2243 182
1441 132
3186 329
1442 132
3187 1194
633 260
3188 217
3189 542
3190 166
3191 1194
1443 131
3192 267
3 1358
95 5126
95 131
3193 217
3194 260
3195 182
1444 131
3196 166
3197 166
3198 307
3199 329
4709 131
3200 260
3190 166
4710 131
3059 329
1445 44
4711 131
1446 18
4712 131
1489 260
3201 976
1493 709
4713 131
4714 131
4713 132
1447 95
4715 131
3192 267
2133 217
4716 131
4717 131
2133 217
3202 329
2628 260
2133 217
3203 497
3199 329
2796 217
1448 131
3204 182
3205 217
2832 329
3206 300
1449 90
1493 1194
3207 166
4718 131
1450 131
1450 131
1451 131
1452 131
1452 131
4719 131
1453 131
3058 955
3208 329
4720 131
1454 131
4721 131
4722 131
1455 131
3209 244
3059 329
3210 260
4721 132
3211 709
1456 131
2423 329
1457 131
3212 166
3213 329
3214 217
1458 67
3212 166
1459 131
1460 131
3215 307
1461 131
3216 182
96 182
3217 217
1462 132
3218 166
1463 132
3219 329
2243 182
1464 131
3220 285
3221 1305
1465 131
2423 329
4724 131
4723 131
1466 131
1466 131
4725 131
1467 131
96 5126
96 131
3222 166
96 131
1468 131
1469 131
1470 131
3223 1219
4726 139
1471 131
1505 217
1472 131
1472 131
4727 131
3224 955
3225 217
4728 131
1473 131
4729 131
3226 217
3213 329
3227 976
3228 213
4730 131
3229 1456
3230 955
3231 1272
1474 131
3225 329
4731 131
3232 217
3233 182
1475 131
2298 217
3058 955
3150 307
3228 955
2836 260
97 5126
97 131
98 5126
98 131
98 131
3234 182
1476 132
1477 131
3235 540
1474 209
3236 166
4732 131
3188 217
2791 852
3237 329
1478 131
1479 131
3238 166
3239 182
2423 329
3240 955
2410 166
1480 131
2115 166
2936 217
3241 852
1481 131
1482 131
1481 131
4733 131
4734 131
4735 131
1483 131
4736 131
3242 217
3243 307
2410 166
1489 260
3188 217
3244 976
99 5126
54 1393
99 131
2593 307
4737 131
4738 131
3245 329
3245 131
3246 329
3247 217
30 1069
3248 300
3249 166
3250 329
54 1044
3251 329
3252 260
3253 329
3254 307
3255 205
4729 132
2593 307
3256 307
3208 329
3232 955
4739 131
3250 329
3257 166
54 1185
3083 307
1484 131
1485 131
2115 166
1485 131
3059 329
3258 533
3259 260
3260 329
3261 217
4740 131
1489 266
4741 131
3262 217
3263 1023
3244 976
3224 217
1486 131
3264 166
3261 217
4742 131
1487 131
1488 131
3265 329
3266 244
4743 131
3083 307
3267 329
3138 329
1489 132
3268 540
3269 217
3270 976
4744 131
3271 1194
3272 329
60 1389
4745 139
4746 131
2936 217
3210 260
3273 1430
3274 329
1490 131
4747 132
1490 131
1491 42
3275 166
1491 131
3276 166
3277 182
3278 1219
3138 329
1492 131
3279 1352
3265 329
3280 217
3281 260
3282 329
3262 217
3275 307
4748 139
3283 260
3208 329
1493 132
3284 329
3285 166
3286 1219
4749 131
1494 131
1495 131
3232 217
1496 81
1501 329
3287 260
1497 62
1498 131
1499 131
4746 132
4750 139
1500 132
1501 131
1502 131
2943 540
3288 955
3289 540
4751 131
3290 329
3291 244
1503 90
3292 329
1504 131
1504 131
1505 131
1505 131
3293 976
3294 497
1506 131
3295 217
4752 131
1507 131
1508 131
4753 131
1483 132
3296 955
2936 217
3297 217
3138 329
1509 131
3298 244
3298 244
1510 131
3299 217
3298 244
1511 12
3298 244
1512 30
3298 244
1509 166
2836 260
1513 90
3237 329
4754 131
3287 260
1514 131
1515 131
3300 1194
1515 131
3301 166
2628 260
1550 217
1516 132
3302 709
1517 131
3303 166
1518 131
4755 139
3304 1008
4756 131
3305 182
140 5126
1519 131
3306 166
1520 131
3307 704
1521 131
1521 131
2936 217
1522 131
3308 307
4757 131
4758 131
4759 131
3309 1401
3310 329
3311 182
2628 260
4760 131
3312 166
3313 307
3314 300
1523 132
3315 217
4762 131
4761 131
100 5126
100 131
4763 131
100 131
3316 182
1524 140
4764 132
1526 182
3317 852
60 1279
62 1497
3318 852
3319 329
3320 976
3138 329
3321 166
4765 131
1525 139
1525 139
1526 131
1527 133
1528 131
3322 307
1530 131
1529 131
1531 97
2302 1194
3323 166
1532 131
1533 131
3324 166
3325 217
4766 131
1534 131
3326 182
1534 131
3327 852
3328 285
1535 133
3271 1194
4767 131
4768 131
3329 166
4769 131
3330 217
3210 260
3331 1352
4770 134
2866 267
1536 131
1530 131
4771 131
3332 182
3059 217
4772 131
3333 217
1537 133
3289 976
3210 260
2866 267
3334 166
3335 307
1538 18
3336 329
1539 131
3337 1008
3338 976
3339 166
3340 307
1540 131
2866 267
3341 166
4773 131
4774 131
1541 131
3342 329
1542 58
3343 329
1563 217
3344 209
3192 267
1543 131
3345 260
1544 131
1545 131
4775 131
1546 131
3346 540
4776 131
1547 77
3338 1023
3347 285
1548 131
4777 131
3348 217
3349 1219
1549 131
1550 131
4778 131
3350 267
3351 329
3352 852
3353 217
1551 131
3354 329
3354 131
2866 267
3355 244
1552 131
1553 131
3356 166
3281 1008
3357 852
4779 131
3358 182
3359 217
4780 131
3360 329
1554 133
1552 132
3361 244
1555 131
3362 182
4781 131
3363 166
3059 131
3140 267
101 5126
3364 329
101 131
4782 131
1556 131
3365 976
3366 329
4783 131
3367 286
3368 182
3369 852
4784 131
1557 131
1557 131
4785 131
3370 182
3371 166
1558 131
1559 131
3224 955
2302 1194
3372 329
4786 131
1520 131
3373 1362
3374 885
1560 131
1561 131
1561 131
3375 260
3376 205
3364 329
1562 131
2836 260
1563 131
3377 329
3378 976
3379 217
3380 217
3381 182
1564 166
3382 329
4787 131
3376 613
3383 260
1564 131
3384 976
3385 217
3379 217
4788 131
1565 131
2153 217
1566 132
3386 1219
1567 131
3387 166
1568 131
3388 263
1569 131
3390 1325
3389 540
1570 131
4789 131
1571 49
3376 260
1572 86
2836 260
4790 131
3391 498
3382 329
1573 139
3392 329
3393 260
3394 267
3339 166
4791 139
3366 852
3395 166
4789 131
3396 166
1574 131
2414 260
1574 131
3397 267
3398 976
3399 260
3400 540
3322 307
3401 307
4792 131
3364 329
2287 329
3402 542
2153 217
1575 131
3403 329
3404 217
488 1005
1576 131
3405 329
4793 140
1577 132
1578 131
1579 131
3379 217
1580 100
3406 166
102 5126
102 131
102 131
2234 329
3407 266
1581 131
3408 182
2234 329
4794 131
3409 217
103 5126
103 131
4794 132
3410 217
2234 329
4789 131
3411 166
474 132
3412 852
3413 217
3414 285
3415 217
1582 131
4795 131
3234 182
3416 182
3417 260
3418 217
3419 166
3420 260
2234 329
4796 131
3421 166
3422 166
2234 329
3423 1097
3226 217
3424 217
3425 307
1583 99
3426 217
3427 166
1584 82
4797 131
3428 329
3429 307
3430 285
3431 329
4798 131
3432 285
54 1044
3379 329
3290 329
3433 852
4799 131
3382 329
3434 307
3435 285
3436 532
3059 307
3437 166
4800 131
3438 217
1585 131
3439 260
77 1547
4801 131
1586 131
1586 131
4802 131
4803 131
3210 260
2892 955
3440 182
104 5126
104 131
30 1512
1587 131
4804 131
1550 217
3441 166
3433 852
141 5126
1588 131
1588 131
1589 131
3442 329
1590 131
4805 139
3342 329
3434 540
1591 131
4806 131
2178 260
3443 542
1592 79
3444 852
1593 131
3445 166
3445 166
3136 852
4807 139
3446 329
1594 131
3296 955
1595 58
1596 131
1596 131
105 5126
105 217
105 131
3447 957
3442 205
2836 260
1597 131
1598 131
3448 182
1598 131
3449 329
3450 166
3451 209
3452 166
3453 540
1599 131
3223 1219
3342 329
3223 1219
105 329
105 131
3454 540
1600 131
1600 131
1601 131
1601 131
4808 131
4809 131
1602 18
3455 217
1603 82
3138 329
1604 131
4810 131
3456 182
2361 329
105 329
1605 131
516 502
4811 131
1280 267
1606 103
4812 131
105 166
105 131
1607 131
106 5126
106 131
3457 217
2361 329
1608 131
1608 131
3458 166
3459 182
3460 182
3461 540
3024 1194
4813 131
4814 131
3462 166
3463 182
3464 217
1609 131
1610 90
3465 244
1611 131
4815 139
3466 217
3210 260
1612 105
1613 131
2287 329
1613 131
3467 266
4816 131
1614 131
4817 131
4818 136
3468 166
1615 131
3464 182
3469 217
1616 131
1617 131
4819 131
3470 345
4820 131
3471 182
107 5126
107 131
107 131
1618 131
4821 131
1619 131
3472 217
4822 131
1620 131
3473 307
3433 852
1621 131
1621 131
4823 131
3474 182
1622 131
105 1612
105 131
3475 498
3475 131
1623 131
3476 166
3225 329
1624 83
1625 131
1626 131
1627 131
3477 957
3478 329
3479 166
3480 285
3481 205
4824 131
3482 217
1628 131
1642 131
3483 217
4825 131
1350 131
3484 260
3485 329
4826 131
4827 139
3486 166
3487 329
1629 131
1630 131
1631 131
1632 131
3298 244
3488 217
3489 182
1633 131
1634 131
1635 96
3490 166
1636 131
3491 166
3492 260
3488 217
3482 217
1637 131
1637 131
3493 307
3494 329
3382 709
4828 131
3488 329
1638 131
1638 131
1639 131
1640 131
2248 260
1641 131
1642 132
1642 132
4829 131
3495 217
1643 131
3496 182
3497 217
3498 976
3079 852
1644 131
26 131
26 131
3499 709
1645 131
3500 1099
1646 131
3501 540
3502 182
1647 131
3503 166
1648 24
3504 209
1643 1550
4830 139
3505 497
108 5126
108 131
108 131
4831 131
4832 131
2361 329
3498 709
3506 182
4833 131
4834 136
4835 131
3507 166
3508 166
2786 217
4836 131
3499 709
3509 217
3498 709
1649 131
1650 131
1650 131
3510 260
3511 744
1651 139
1652 131
1652 131
3512 182
3513 217
3514 217
1662 955
3515 166
4837 131
3513 217
3516 166
1653 131
3517 217
4838 131
3518 217
4829 131
4839 131
3136 852
3158 307
4840 131
3519 852
109 5126
109 131
3520 329
105 5126
105 1612
37 1164
105 131
3521 166
3512 307
1654 131
2936 217
4841 131
1654 131
1655 131
1656 102
4842 131
1657 131
1658 131
3522 497
3158 307
4843 131
1659 72
2936 217
1660 131
4844 131
2869 285
1661 132
1662 131
3523 182
4845 131
1663 108
3499 955
3524 329
3525 166
3525 166
1664 131
3292 329
3526 613
1612 105
3527 205
1665 131
2936 217
1666 131
3528 217
4846 131
1667 132
3529 217
3530 540
1668 18
1668 131
3531 217
2936 217
4847 131
2612 329
4848 131
3532 329
3533 300
4849 131
3534 166
3535 217
4850 131
3482 217
1669 131
889 345
3536 300
1670 131
4851 131
4852 131
4853 131
4854 131
4855 131
3537 166
4856 131
4857 131
1671 131
3538 852
1672 131
1673 131
1674 131
1673 131
1675 12
1675 131
1676 44
1677 72
1675 12
3539 217
1675 131
3533 709
3540 244
1677 132
1678 131
1678 131
3541 540
3542 329
4858 131
3543 1585
4859 139
4860 131
105 1612
105 131
4861 131
3544 709
3545 217
1679 131
4862 131
1680 131
3546 166
1681 131
2936 217
3543 1585
1681 131
3547 307
4863 131
3548 217
4864 131
3545 217
2936 217
4865 131
3549 166
889 217
3514 217
3550 166
3551 709
1682 131
4866 131
1683 131
3552 260
1684 131
3553 166
3551 709
3554 244
3555 166
3550 166
3547 307
3550 166
3556 182
4867 131
1685 131
1686 131
3557 166
3442 205
3558 894
4868 131
3559 217
4869 131
1687 131
3560 166
3561 217
1688 131
1689 131
1689 131
1702 300
1686 540
2936 217
3206 300
1550 217
3562 208
1690 131
1690 131
4870 131
3563 217
1691 131
3206 300
3564 329
1692 42
1692 131
2936 217
110 5126
110 131
4871 131
1693 131
1550 217
142 5126
3565 260
3566 166
1694 131
3567 166
3568 205
4872 131
3569 540
3570 217
4873 131
1687 1529
1695 132
1696 131
4874 131
1697 131
3571 166
2936 217
3572 955
3482 217
1698 131
4875 131
3900 142
3573 182
4876 142
3574 217
4877 136
1699 142
3575 166
1700 131
3576 217
1701 142
1702 131
3577 166
3570 217
3578 329
1550 217
3579 329
111 5126
111 131
4878 131
1703 142
1704 131
3580 976
1702 852
81 1496
3581 166
1550 217
3582 852
143 5126
1687 131
3570 217
1705 36
4879 131
1702 852
1706 142
1667 131
1707 131
1707 131
1667 307
3583 166
3584 217
112 5126
112 131
4880 131
1708 131
1709 131
3585 217
3586 244
3582 976
1710 131
3587 497
4881 142
3588 217
3570 217
4882 132
1711 132
4883 142
3589 884
1712 131
3590 217
3599 131
3585 166
1713 142
3591 166
3592 540
3594 540
3593 166
1714 5
4884 131
1715 131
1715 131
3595 1438
1716 131
3482 217
4885 131
4886 142
3596 166
1717 142
3597 166
1718 143
3598 307
3599 217
1719 131
1719 131
4887 131
1720 131
36 1705
1721 40
1721 131
1722 131
1723 139
3600 217
3601 217
3547 307
1724 131
1725 142
4888 136
1726 131
2936 217
1727 131
4889 131
1687 1529
4890 142
1728 131
3602 166
1729 28
4891 131
3603 209
4892 131
3604 182
3605 852
4893 131
3606 166
3607 166
3608 209
3609 166
4894 131
1730 131
1731 131
4895 131
3610 217
1732 131
4896 132
4896 131
3611 329
3612 217
3613 540
1733 131
1734 109
1735 131
1735 131
1643 1550
3614 217
3615 329
3616 166
3617 166
1736 131
1737 142
4897 131
1738 131
4898 131
3617 166
496 142
1739 131
1740 131
4899 131
3612 217
1741 131
4900 131
1742 23
3618 166
1743 142
1744 142
4901 136
3619 1438
1745 131
1736 132
1746 42
1746 131
3620 166
3547 307
1747 131
3621 260
3622 1747
3623 166
3624 217
1748 142
3625 1737
1749 131
1750 131
4902 131
1751 142
3626 217
3627 166
3580 976
3628 209
4903 131
113 5126
113 131
1752 131
2936 217
1753 131
1753 131
4904 131
4905 131
3629 182
3547 307
1754 142
1755 142
1756 142
3582 976
3630 244
4906 131
3007 260
3631 540
4907 136
2512 166
44 940
3632 217
1550 217
2936 217
1757 131
1757 131
44 1445
3633 166
1758 131
3634 166
4908 131
1759 131
1760 113
1757 131
1757 131
2786 217
4909 131
1764 217
4910 131
1761 143
2936 217
3635 217
1762 131
1763 131
4911 131
2668 300
3545 1550
2764 307
4912 131
3636 329
113 1760
3637 166
44 1676
4913 131
4914 131
1764 131
3638 166
3639 1438
28 1729
3047 1305
1765 131
3640 217
4915 131
1766 42
1766 131
1767 131
4916 131
3641 217
2718 217
1768 131
114 5126
114 131
4917 131
4918 131
3642 182
4919 131
4920 131
1769 131
1770 42
1770 131
3643 1751
4921 131
1771 131
3644 300
3645 540
3646 852
1772 42
1772 131
3230 955
3647 217
3648 166
1773 132
1773 132
1774 131
2786 217
1775 42
3649 166
24 1648
1776 42
1776 131
3292 329
3649 166
24 728
3650 329
4922 131
2423 329
1777 131
2095 244
4923 131
1778 131
1779 111
3651 329
3652 300
4924 131
1780 131
3482 217
1777 1099
1781 131
2786 217
1782 131
3653 217
3654 217
3525 166
3655 217
3656 217
2153 217
3583 166
1783 131
1784 131
1785 23
3657 540
12 1675
4925 135
3656 217
1786 131
2153 217
3658 613
4926 131
3541 486
1787 131
1787 131
4927 131
4928 131
3433 852
3433 852
1788 132
3659 217
3660 217
1789 75
1790 131
1550 217
1791 131
3661 182
1792 36
1793 35
1794 131
3662 329
1788 852
3482 217
3583 166
4929 131
3663 1786
3663 131
1795 131
1795 131
4930 132
3664 329
3664 131
3491 166
1796 131
1796 131
3665 709
3666 540
1797 131
3667 329
4931 131
3668 329
2683 1048
4932 138
1798 131
115 5126
115 131
1799 131
4933 131
4934 142
3669 329
3482 217
4935 131
3670 166
3671 244
4936 131
3672 955
2786 217
3673 217
3674 217
3675 540
4937 131
3673 217
3676 329
3673 217
3677 955
3678 205
1800 110
3679 166
4938 131
3680 329
1801 131
3681 307
4939 131
3682 217
3683 955
3617 166
1802 133
3684 217
1803 140
1803 140
3677 955
3685 209
3680 540
2151 217
4940 131
1804 140
1804 140
3686 166
3687 182
2316 329
4941 131
1805 131
3292 329
4942 131
110 1800
3061 244
1806 131
4943 131
1807 131
1808 131
1808 131
116 5126
116 131
3688 217
3097 217
4944 131
2316 205
3647 260
3682 217
4945 131
3689 166
3690 205
4946 131
1809 131
1809 131
4947 131
1810 131
4948 131
3691 266
2316 205
3647 465
3692 166
2764 307
2809 307
4949 131
1811 131
3693 260
2572 182
3694 1645
3647 1161
1811 131
3094 166
2809 307
1812 131
4950 131
1813 35
3695 329
1802 131
1814 41
118 5126
4916 131
4951 139
4952 131
1815 61
1815 61
4953 118
3583 166
1816 82
1817 131
3696 1781
1818 118
1818 118
3697 852
1819 131
1820 131
1821 131
1822 131
1822 131
3697 852
4034 131
4954 131
4955 131
1823 118
1824 131
2298 217
4956 118
4957 118
3697 852
3698 182
2414 260
3699 1824
3141 329
1825 131
1826 131
117 5126
117 132
1827 131
1828 131
1830 217
2786 217
2316 329
36 1792
2316 131
3700 166
3701 1737
1829 131
1829 131
2512 166
1830 131
3702 1187
3648 166
70 1222
2137 166
4958 131
1831 118
3697 852
3703 217
1832 131
2137 166
3704 166
4959 134
1833 131
1833 131
3705 217
4960 131
3704 166
3706 1438
2213 217
1834 118
1832 1550
3706 1099
3707 307
2786 217
3708 1008
4961 131
3709 166
1643 1550
1834 118
1835 42
1836 115
4962 131
2361 329
3710 1099
1832 1550
3706 1099
2205 131
1837 131
3711 166
4963 131
1838 94
3712 329
3705 217
3327 329
3713 329
4964 131
3714 217
2361 329
3715 166
41 1814
4965 131
3716 307
118 5126
3713 329
100 1580
1839 131
3717 1438
119 5126
119 131
4966 131
4967 134
3718 205
59 1384
1788 852
3719 217
3139 307
1840 118
3238 166
1841 118
3717 955
4968 131
1842 132
70 1222
1843 119
119 1843
1844 118
4969 131
1845 131
3720 711
4970 131
1846 131
3721 955
1847 106
3722 990
4971 131
120 5126
120 131
3723 929
1848 89
3724 540
4972 131
4973 118
1849 35
3725 1362
3726 329
3726 329
3499 709
3721 1099
3727 852
1850 131
1850 131
3728 166
2889 300
3729 1722
2889 300
1851 112
3730 217
3731 957
3732 166
1852 131
2832 329
3632 217
1853 131
1853 131
1854 131
3733 217
1855 118
3412 852
2973 182
1856 120
3676 329
2861 260
3734 182
1854 131
3735 182
89 1848
3736 1438
1857 117
4974 131
4975 131
3564 329
4976 133
1858 118
3722 990
4977 131
1859 142
2832 329
4978 133
3737 166
3738 217
1777 1099
1860 36
1861 118
3739 852
3740 620
3741 217
1862 131
3742 205
1777 1099
1777 1099
3743 285
3292 329
1863 131
1864 131
4979 131
3744 329
3745 217
2936 217
1865 104
3746 307
1866 131
4980 131
1875 185
3138 329
4981 139
1867 55
3747 329
1867 55
4982 131
3748 217
121 5126
121 131
3749 1300
2936 217
3710 1099
3747 1438
1875 497
4983 131
3750 166
1868 131
1869 131
1869 131
1870 131
1875 497
3751 205
3673 217
4984 131
36 1860
4985 131
1871 131
3752 209
4986 118
4987 131
1872 131
3753 166
1873 131
3754 1438
4988 133
1872 1438
1859 131
1874 131
1875 131
3412 852
1876 131
1872 955
4989 131
1877 118
3755 217
4988 131
36 1860
3755 217
1878 131
4990 131
3756 182
4991 131
1879 118
1872 955
4992 131
1880 141
1881 141
3757 1107
3739 852
1882 141
1883 141
1884 141
2139 182
3412 852
1885 101
1886 141
1887 132
1886 1884
3544 709
3758 182
1888 141
1889 141
101 1885
1890 141
1891 141
1892 121
4993 131
1891 1888
1893 141
1893 1884
1894 141
1895 141
1894 1888
1896 141
4994 131
3252 260
1897 141
1898 141
3759 1455
3491 166
1899 141
1899 1893
3760 1758
122 5126
122 131
1900 122
4995 131
3761 1626
1901 131
1902 118
4996 118
307 1438
4997 131
1903 47
1904 141
1905 121
1906 141
1907 1881
1906 1884
1907 141
3739 852
1908 141
109 1734
3762 182
1909 141
1910 118
1911 131
3763 852
2943 540
4998 132
1912 131
1912 131
1913 118
4999 131
3609 166
3649 166
1914 118
2786 217
5000 131
3764 542
1915 131
1915 131
3765 166
120 1856
3765 166
3765 166
5001 118
5002 131
3766 976
117 1857
5003 131
5004 118
5005 131
105 1612
105 131
112 1851
1916 118
3767 1421
5006 131
1917 131
1917 131
3768 1855
5007 131
1918 118
1919 132
3706 1438
5008 132
1920 118
1921 131
3769 1737
3770 1597
2512 166
1922 142
2569 217
2569 217
1923 131
5009 118
5010 118
3771 118
1924 131
3772 1818
106 1847
3773 166
1925 141
1926 118
3412 852
3774 829
1927 118
3775 1017
3739 852
1928 50
104 1865
1929 121
5011 142
1930 118
81 1496
1931 131
3776 166
5012 143
2153 217
3777 540
1932 114
1933 131
1933 131
144 5126
2339 307
1934 132
2339 307
3778 307
5013 131
3779 244
2234 329
2101 166
4932 132
5014 131
1935 111
3780 217
123 5126
123 142
123 142
1818 118
3781 1618
3782 990
2569 217
1936 118
3783 329
3784 217
1937 131
1937 131
5015 118
3350 267
5016 131
2593 307
5017 131
1938 118
3785 497
3785 263
3786 329
5018 118
3787 329
5019 118
1939 38
5020 131
3788 757
3789 496
5021 143
3597 166
1940 131
1941 131
2298 217
1942 131
1942 131
2548 329
1943 29
1943 131
1823 1818
3790 613
5022 131
1823 1818
1944 132
1945 55
1945 55
1945 131
5023 138
5024 131
3587 497
1946 131
1946 131
1947 2
5025 118
5026 131
1823 1818
124 5126
124 139
124 139
5027 131
5028 139
3791 166
3792 687
5029 139
3793 182
5030 133
3794 166
2683 1048
1948 124
3149 217
5031 131
5032 133
5032 131
3795 1673
5033 131
3614 217
1949 131
3614 217
208 217
3110 709
1950 131
5034 131
3796 1438
5035 131
1951 132
1952 40
5036 131
2973 182
5037 131
5038 131
1953 131
5039 118
3797 329
1954 131
1955 131
5040 131
3798 182
1956 118
5041 131
5042 131
3799 166
3800 217
5043 139
5044 131
141 1896
141 1925
3793 182
141 1909
141 1884
141 1894
141 1888
141 1886
141 1883
141 1880
141 1882
141 1881
141 1898
141 1895
141 1897
141 1893
141 1891
141 1908
141 1889
141 1907
1957 124
141 1904
141 1890
141 1906
141 1899
1958 107
3801 540
107 1958
5045 131
125 5126
125 131
5046 131
125 131
2973 182
1959 118
1959 118
3802 329
1960 131
1960 131
1961 131
126 5126
126 131
1961 131
5047 131
3803 217
127 5126
127 126
127 131
2997 329
1962 134
1963 131
1963 131
1964 131
5048 131
1965 118
1966 82
1967 98
1968 131
48 908
1969 125
1969 131
3804 716
3805 955
3715 166
5049 131
3806 217
1368 217
3806 217
3807 166
3808 1438
5050 131
1970 127
1971 125
5051 131
5052 118
870 134
3809 574
1972 131
5053 132
1973 143
1974 131
1974 131
5054 131
5055 139
5056 131
118 1916
3810 307
128 5126
128 118
128 118
5057 118
114 1932
72 1677
3811 1971
72 1659
5058 118
5059 131
1975 118
1975 118
72 1677
3812 217
5060 134
72 1677
3813 1818
5061 131
3814 1823
5062 131
5063 131
5064 118
1976 131
1976 131
3673 217
1977 131
1977 131
1978 132
3815 166
129 5126
129 118
5065 139
1979 131
2038 1855
1980 131
1981 129
5066 131
1982 131
3816 329
5067 131
3817 1752
1983 131
5068 131
1984 17
5069 131
1489 260
3818 1855
5070 118
1985 128
5071 118
3819 1748
1986 131
1987 118
5072 131
3820 217
5073 118
3821 423
1988 118
3822 1855
4443 131
5074 118
5075 131
5076 131
5077 131
3822 1855
1989 131
5078 131
5079 144
1990 131
5080 118
5081 118
5082 134
1991 118
3726 329
1992 88
1993 129
130 118
130 118
1994 134
1995 71
1996 118
3823 340
2514 217
2751 955
3824 340
3825 1751
1997 131
2133 217
1998 131
1998 131
118 5126
1999 118
2000 118
2429 260
3199 329
5083 118
3826 118
2001 118
5064 118
2002 118
3827 1818
2003 118
5084 118
3828 278
2004 118
2005 118
2006 118
2007 134
2008 118
2008 118
5085 118
2009 118
5086 118
2009 118
2116 260
2010 118
5087 131
3829 1818
5088 139
2011 118
5089 118
3830 118
3831 1818
5090 118
5091 118
2012 131
2012 131
3832 976
5092 118
2645 654
2645 131
5093 131
3832 976
3833 2001
3834 1916
4970 132
2013 131
3736 1438
5094 118
5095 118
2014 118
2014 118
2014 118
2234 329
2015 131
2016 118
5096 134
3835 1818
2017 118
3836 1916
3837 329
2016 1930
2018 132
2019 134
3261 217
3261 217
2020 118
3838 2009
2298 217
3839 1971
3839 1971
5097 134
2021 118
3840 1818
753 166
3841 217
3841 217
3841 217
3841 217
3841 217
1823 1818
3840 1818
1823 1818
3840 1818
2022 118
3842 1818
3840 1818
2022 2009
5098 118
2023 13
5099 118
2024 134
5100 131
2025 118
2897 852
208 217
2897 852
1319 136
2897 852
3843 2006
1815 61
2026 118
2026 118
123 142
3382 329
130 5126
130 118
130 118
3382 329
115 1836
3379 217
2027 12
3066 852
2028 134
5101 131
3844 267
102 1656
5102 134
3261 217
2683 1048
2423 329
5103 132
2029 118
2029 118
2029 118
2361 329
129 130
129 118
5104 131
2030 10
2234 329
2234 329
1319 136
5105 131
3845 746
5106 131
3348 217
3806 217
2913 166
2913 893
3382 329
2031 131
2031 131
2178 260
2902 166
3846 69
5107 139
3539 217
2032 138
2412 217
2234 329
3382 329
3847 180
3848 990
5108 131
5109 131
2033 63
3849 852
3850 260
3850 260
2034 131
2034 131
3927 131
2035 58
2036 133
2036 131
2037 133
2037 131
2038 118
1357 134
1991 1823
2039 133
2039 131
3851 1818
5110 132
3852 166
2040 132
5100 131
3649 166
5111 118
2512 166
5112 118
3853 1818
3854 217
2041 131
5113 139
49 1571
3855 166
3856 1372
3857 1996
2042 18
1916 118
3127 300
1702 300
5114 131
3858 1101
2043 132
1489 260
5115 131
5116 131
2044 90
5100 131
3859 1965
2045 46
2046 35
3649 166
2047 131
2047 131
2048 131
2049 142
2121 217
2512 166
5117 118
2234 329
3382 329
4077 131
5118 131
3580 976
3580 976
3582 976
2822 1008
3991 131
3860 955
3860 955
2050 106
2234 329
5119 139
1489 260
1489 260
1489 260
79 1592
79 1592
79 1592
1489 260
2051 133
2051 131
2052 133
2052 131
2053 132
2053 132
5120 132
5121 118
2054 133
2054 131
5122 138
2055 141
2055 1896
2055 1898
2055 1925
2055 1884
2055 1894
2055 1888
2055 1886
2055 1883
2055 1880
2055 1882
2055 1881
2055 1895
2055 1897
2055 1893
2055 1891
2055 1908
2055 1889
2055 1909
2055 1907
2056 141
2057 141
2057 1896
2057 1898
2057 1925
2057 1884
2057 1894
2057 1888
2057 1886
2057 1883
2057 1880
2057 1882
2057 1881
2055 1904
2055 1890
2055 1906
2055 1899
2057 1895
2057 1897
2057 1893
2057 1891
2057 1908
2057 1889
2057 1909
2057 1907
2057 1904
2057 1890
2057 1906
2057 1899
3861 1818
2058 141
2058 1896
2058 1898
2058 1925
2058 1884
2058 1894
2058 1888
2058 1886
2058 1883
2058 1880
2058 1895
2058 1882
2058 1881
2058 1897
2058 1893
2058 1891
2058 1908
2058 1889
2058 1909
2058 1907
2058 1904
2058 1890
2058 1906
2058 1899
2059 141
2059 1896
2059 1898
2059 1925
2059 1884
2059 1894
2059 1888
2059 1886
2059 1883
2059 1880
2059 1895
2059 1882
2059 1881
2059 1893
2059 1891
2059 1908
2059 1889
2059 1909
2059 1897
2059 1907
2059 1904
2059 1890
2059 1906
2059 1899
2060 141
2060 1896
2060 1898
2060 1925
2060 1884
2060 1894
2060 1888
2060 1886
2060 1883
2060 1880
2060 1895
2060 1882
2060 1881
2060 1893
2060 1891
2060 1908
2060 1889
2060 1909
2060 1897
2060 1907
2060 141
2060 1899
2060 1906
2060 1890
2060 1904
2061 33
33 2061
5123 141
5124 118
3862 1874
1099 131
1099 131
5125 118
